@CONVERTED_FROM_TEXT
@Regions=1=var assignment
@Regions=2=if first
@Regions=3=if second
@Regions=4=if third
@Regions=5=if true
@Regions=6=else_tag
@Regions=7=if false
@Regions=8=print
@Regions=0=other
@Regions=-1=|
@baseline= 1 2 3 4 5 6 7 8 ou 1 3 2 4 5 6 7 8

1 2 3 4 5 2 3 4 3 2 3 2 3 2 4 3 2 3 2 3 4 5 2 0 5 6 7 2 3 4 5 2 5 0 4 3 5 3 

1 2 3 2 3 4 5 6 7 2 1 4 1 2 3 2 3 4 3 5 3 4 5 6 5 1 4 5 1 3 1 5 3 1 5 0 5 4 5 0 4 1 5 1 5 6 4 2 5 7 1 2 6 7 3 5 1 5 6 3 4 2 1 2 3 2 5 6 7 5 8 1 0 1 2 3 2 3 2 3 2 4 3 4 5 0 7 6 8 3 4 5 4 2 5 3 5 6 2 3 2 3 2 3 4 2 3 4 5 0 5 6 7 6 2 1 4 1 0 7 2 1 0 1 2 4 5 7 6 4 5 0 5 2 5 7 5 1 5 3 5 0 6 7 6 7 5 7 0 3 1 2 1 0 1 0 2 5 3 4 1 2 3 2 3 2 3 2 3 5 3 5 3 6 2 1 4 5 2 5 4 6 5 3 0 3 4 5 6 2 1 3 0 1 2 5 2 0 3 2 3 5 2 3 5 6 5 1 5 0 1 4 5 3 1 5 4 0 5 3 0 

1 2 1 3 2 3 2 3 4 5 2 4 5 1 6 7 8 5 4 5 3 1 7 5 3 8 7 5 8 5 

3 4 3 4 5 4 1 4 2 4 3 4 5 1 5 7 8 2 3 4 3 2 4 5 1 5 1 5 1 7 5 7 8 7 

1 2 4 2 1 2 3 4 2 3 2 3 2 3 0 4 5 4 5 2 3 2 3 4 3 4 5 7 8 7 5 7 5 1 2 5 8 5 1 5 7 1 5 7 

2 1 2 3 4 2 4 2 5 1 5 6 5 6 7 6 1 5 2 7 5 8 5 8 0 7 

1 5 3 0 1 3 4 0 2 3 0 3 2 3 2 5 2 5 3 5 1 5 6 5 3 2 3 4 2 1 2 6 7 5 1 6 8 5 0 2 3 2 4 3 4 3 2 4 3 4 0 2 3 2 3 2 3 2 3 4 3 2 3 2 3 2 3 0 4 5 1 5 7 5 0 3 0 

2 3 0 2 5 4 5 7 1 2 5 3 0 5 0 3 2 3 2 3 0 3 4 3 4 5 4 3 0 2 3 4 5 2 5 3 5 

1 0 1 3 4 3 5 2 1 3 4 3 2 3 2 0 4 0 6 2 3 4 3 2 4 5 4 5 6 7 5 8 0 5 7 5 

0 8 1 3 4 3 7 5 0 3 0 

0 2 3 4 3 2 3 1 3 4 3 4 1 4 2 3 5 0 3 2 0 3 5 8 

0 1 0 1 5 0 1 0 1 0 3 4 3 4 5 3 5 8 5 0 4 5 0 5 

2 5 2 3 4 5 2 4 5 6 7 5 1 2 1 5 1 5 1 5 6 7 6 0 2 4 1 3 5 1 5 2 5 6 5 7 5 7 5 2 1 8 2 4 2 1 5 0 7 0 

2 4 5 0 5 0 1 3 1 5 0 5 1 5 0 1 7 6 7 5 1 5 0 7 5 2 5 1 5 1 5 7 

2 1 2 5 2 5 0 3 5 4 5 3 4 5 4 5 0 2 3 4 2 3 4 5 1 5 2 5 0 

7 5 1 0 8 0 

