@CONVERTED_FROM_TEXT
@Regions=1=array
@Regions=2=before if
@Regions=3=for
@Regions=4=if
@Regions=5=modulo
@Regions=6=predicate
@Regions=7=if true
@Regions=8=print
@Regions=0=other
@Regions=-1=|
@baseline= 1 2 3 4 5 6 7 3 4 5 6 7 3 4 5 6 8

0 1 0 1 0 2 3 5 6 4 0 4 3 6 3 1 6 0 7 4 6 7 1 0 1 0 6 

8 2 1 0 5 6 5 6 4 5 6 5 6 3 5 3 1 5 4 5 6 5 6 5 6 1 7 2 7 0 7 6 7 3 8 3 1 0 5 7 0 

1 2 3 5 1 5 6 5 4 5 6 4 5 7 6 5 6 4 5 4 5 0 5 0 1 8 7 3 0 7 

2 1 3 4 5 1 3 6 7 3 6 0 7 

1 2 1 2 3 2 4 3 1 3 4 3 5 4 3 5 6 4 1 6 3 4 2 7 3 1 5 6 0 6 5 4 5 4 1 6 1 7 6 4 5 1 5 6 5 1 5 1 5 1 7 8 5 7 X

2 1 2 3 4 5 3 5 3 6 5 3 4 3 4 3 0 5 7 6 0 6 0 6 7 1 6 7 0 6 7 6 7 0 6 7 0 7 0 7 

1 2 0 2 3 0 3 1 3 2 3 0 3 1 3 1 5 1 6 3 0 7 3 

1 2 3 4 5 0 6 4 5 6 7 1 3 1 2 1 3 4 0 5 1 3 4 5 4 1 3 1 5 4 3 5 3 5 6 5 4 5 4 2 3 5 3 5 3 6 5 7 1 6 1 8 1 3 1 3 1 0 3 1 2 3 2 3 1 4 5 4 5 4 5 6 5 0 6 5 7 0 1 0 5 7 8 0 4 0 5 3 1 

1 2 3 4 5 6 5 4 5 6 0 7 0 5 6 0 6 0 1 0 2 8 2 6 0 6 4 5 4 5 6 0 5 4 0 1 0 3 0 5 6 0 7 0 7 0 6 5 7 0 6 7 6 7 0 6 0 1 0 5 0 1 0 6 0 6 0 6 1 6 0 6 0 7 8 7 6 0 5 0 3 0 3 6 0 6 0 6 0 7 0 7 1 0 6 0 6 7 0 7 0 6 7 6 0 6 0 6 4 0 6 0 7 8 0 7 6 0 6 0 7 6 

1 2 3 6 2 7 1 4 6 4 3 0 5 4 3 4 3 1 2 0 3 5 4 5 3 4 6 4 3 4 5 6 0 6 5 3 4 3 0 1 3 4 5 3 5 4 5 0 1 3 1 3 1 3 0 1 3 5 1 3 1 0 1 3 5 1 3 1 5 7 5 1 3 1 6 7 8 1 4 0 

2 3 6 5 1 3 5 0 1 6 3 7 3 2 7 2 7 0 3 6 1 3 5 6 7 8 1 2 3 4 

0 2 3 1 3 0 2 3 7 3 

7 0 1 2 3 4 5 0 6 5 4 1 5 6 1 3 6 0 7 1 7 0 6 3 4 5 6 1 6 7 8 4 1 0 

5 0 5 3 4 1 7 8 5 6 1 5 1 0 5 1 2 3 1 5 6 4 7 0 6 0 1 5 6 1 5 1 7 1 6 5 6 5 0 5 1 0 3 0 6 1 3 5 3 1 6 4 7 1 0 3 

2 4 5 4 5 4 5 6 7 0 5 0 3 0 7 0 8 4 5 6 3 

1 2 5 6 5 4 6 1 7 1 7 2 4 5 