@CONVERTED_FROM_TEXT
@Region=1=array
@Region=2=before for
@Region=3=for
@Region=4=if
@Region=5=var
@Region=6=increment
@Region=7=print
@Region=0=other
@Region=-1=|
@baseline= 1 2 3 4 5 6 7

0 1 0 1 4 1 3 1 6 2 6 2 7 4 3 1 6 3 4 6 7 3 4 

2 6 7 5 4 1 4 0 1 2 4 1 6 1 4 1 4 1 4 1 4 6 5 6 2 6 4 3 1 2 1 4 1 3 4 0 1 4 5 4 5 7 0 6 5 6 3 1 3 4 0 1 2 6 1 2 6 7 0 

1 7 1 4 1 6 1 4 1 0 4 3 6 1 6 

1 2 3 1 3 4 1 6 0 6 0 

1 2 3 1 4 6 1 2 6 3 6 7 3 4 3 1 0 2 1 4 1 4 1 4 6 2 6 7 4 6 

0 1 2 3 2 3 4 1 4 3 5 4 5 6 7 4 

1 2 3 2 1 3 0 3 1 0 2 3 0 

1 2 1 4 3 4 1 5 6 4 1 0 6 2 1 3 4 0 1 3 1 6 2 0 2 4 2 4 

0 2 3 4 6 4 3 4 2 6 3 4 0 4 3 0 4 0 6 0 

1 2 1 2 3 4 5 6 1 6 7 6 0 4 0 1 3 7 0 2 3 0 3 1 0 2 1 2 3 4 3 4 3 1 4 5 4 6 0 1 3 1 0 6 1 6 1 0 1 0 1 0 4 1 0 4 2 7 6 4 1 2 3 1 4 2 3 0 2 4 2 0 4 3 2 0 1 3 

0 1 0 4 1 6 1 0 1 4 1 4 6 4 6 0 2 

1 4 1 2 4 3 

1 2 3 4 1 6 4 1 6 1 4 2 0 6 2 1 4 6 1 0 2 0 6 2 0 3 4 5 6 2 6 0 2 6 1 4 3 1 6 3 4 0 1 2 3 4 3 4 3 1 6 7 6 2 1 6 

0 3 4 1 6 4 1 6 5 7 1 6 4 3 6 4 3 2 6 0 1 0 6 0 

4 0 6 0 4 0 3 6 3 0 

1 0 4 1 4 6 1 4 1 4 1 2 1 5 7 